0.269076,
1.83762,
3.0463,
3.86894,
5.67517,
12.9577,
18.0268,
8.9367,
14.0359,
6.34404,
18.45,
22.5762,
22.0537,
16.698,
22.0527,
13.8886,
19.0023,
17.9929,
19.9783,
10.6804,
12.3318,
0.269076,
1.83762,
3.0463,
3.86894,
5.67517,
12.9577,
18.0268,
8.9367,
14.0359,
6.34404,
18.45,
22.5762,
22.0537,
16.698,
22.0527,
13.8886,
19.0023,
17.9929,
19.9783,
10.6804,
12.3318,
0.269076,
1.83762,
3.0463,
3.86894,
5.67517,
12.9577,
18.0268,
8.9367,
14.0359,
6.34404,
18.45,
22.5762,
22.0537,
16.698,
22.0527,
13.8886,
19.0023,
17.9929,
19.9783,
10.6804,
12.3318,
0.269076,
1.83762,
3.0463,
3.86894,
5.67517,
12.9577,
18.0268,
8.9367,
14.0359,
6.34404,
18.45,
22.5762,
22.0537,
16.698,
22.0527,
13.8886,
19.0023,
17.9929,
19.9783,
10.6804,
12.3318,
